Total of Months: 85 Total revenue: 40101634 Average Monthly change in revenue: range(356218, 402791) Increase revenue:[  356218   620718   589166  -240031   130388   193586   688631   111248
  -184659    72216   565618  -522527   695279   562650  1090346   212926
   605995   289572  1075515  1155733  1052450 -1038468   460168   887780
    83207  -475218   974636   686689   960703   724900   948526   606934
   508985   419762  1144668   475586   580529   694061   758634   164735
   243049   331358   138424   133701  -612318   685672   391464   129182
  1181050   546567   912981   837501   148788   850183   863920   544228
  -392839   546736  1008029   467739   918524   361431    53177  -275381
   625895   935976   722008  -174447   982934   776149  -220334  -873788
   487161  1160380  -772756  1174291   823123   145981   856523   925860
   354849   508894   837501   148788   850183   863920   544228  -392839
   546736  1008029   467739   918524   361431    53177  -275381   625895
   935976   722008  -174447   982934   776149  -220334  -873788   487161
  1160380  -772756  1174291   823123   145981   856523   925860   354849
   508894   944397   512295  1102431   402791] Decrease in revenue{GretDecRev}
